1 Emma 18688 0.010123
2 Olivia 17921 0.009707
3 Ava 14924 0.008084
4 Isabella 14464 0.007835
5 Sophia 13928 0.007545
6 Charlotte 12940 0.007009
7 Mia 12642 0.006848
8 Amelia 12301 0.006663
9 Harper 10582 0.005732
10 Evelyn 10376 0.00562
11 Abigail 9796 0.005306
12 Emily 8656 0.004689
13 Elizabeth 8513 0.004611
14 Mila 8126 0.004402
15 Ella 8055 0.004363
16 Avery 8053 0.004362
17 Sofia 7621 0.004128
18 Camila 7473 0.004048
19 Aria 7394 0.004005
20 Scarlett 7182 0.00389
21 Victoria 7089 0.00384
22 Madison 7036 0.003811
23 Luna 6897 0.003736
24 Grace 6724 0.003642
25 Chloe 6626 0.003589
26 Penelope 6474 0.003507
27 Layla 6468 0.003504
28 Riley 5976 0.003237
29 Zoey 5899 0.003195
30 Nora 5799 0.003141
31 Lily 5706 0.003091
32 Eleanor 5694 0.003084
33 Hannah 5629 0.003049
34 Lillian 5534 0.002998
35 Addison 5203 0.002818
36 Aubrey 5190 0.002811
37 Ellie 5190 0.002811
38 Stella 5121 0.002774
39 Natalie 5095 0.00276
40 Zoe 5062 0.002742
41 Leah 4995 0.002706
42 Hazel 4916 0.002663
43 Violet 4794 0.002597
44 Aurora 4785 0.002592
45 Savannah 4745 0.00257
46 Audrey 4662 0.002525
47 Brooklyn 4611 0.002498
48 Bella 4518 0.002447
49 Claire 4379 0.002372
50 Skylar 4378 0.002371
51 Lucy 4354 0.002358
52 Paisley 4333 0.002347
53 Everly 4313 0.002336
54 Anna 4145 0.002245
55 Caroline 4136 0.00224
56 Nova 4124 0.002234
57 Genesis 4068 0.002204
58 Emilia 4020 0.002178
59 Kennedy 3924 0.002126
60 Samantha 3897 0.002111
61 Maya 3882 0.002103
62 Willow 3881 0.002102
63 Kinsley 3856 0.002089
64 Naomi 3821 0.00207
65 Aaliyah 3811 0.002064
66 Elena 3758 0.002036
67 Sarah 3734 0.002023
68 Ariana 3715 0.002012
69 Allison 3678 0.001992
70 Gabriella 3677 0.001992
71 Alice 3643 0.001973
72 Madelyn 3634 0.001968
73 Cora 3574 0.001936
74 Ruby 3552 0.001924
75 Eva 3542 0.001919
76 Serenity 3517 0.001905
77 Autumn 3471 0.00188
78 Adeline 3463 0.001876
79 Hailey 3449 0.001868
80 Gianna 3429 0.001857
81 Valentina 3416 0.00185
82 Isla 3393 0.001838
83 Eliana 3373 0.001827
84 Quinn 3369 0.001825
85 Nevaeh 3359 0.00182
86 Ivy 3256 0.001764
87 Sadie 3247 0.001759
88 Piper 3202 0.001734
89 Lydia 3184 0.001725
90 Alexa 3053 0.001654
91 Josephine 3023 0.001638
92 Emery 2993 0.001621
93 Julia 2989 0.001619
94 Delilah 2982 0.001615
95 Arianna 2956 0.001601
96 Vivian 2956 0.001601
97 Kaylee 2938 0.001591
98 Sophie 2929 0.001587
99 Brielle 2919 0.001581
100 Madeline 2897 0.001569
