1 Liam 19837 0.010284
2 Noah 18267 0.00947
3 William 14516 0.007526
4 James 13525 0.007012
5 Oliver 13389 0.006941
6 Benjamin 13381 0.006937
7 Elijah 12886 0.006681
8 Lucas 12585 0.006525
9 Mason 12435 0.006447
10 Logan 12352 0.006404
11 Alexander 11989 0.006216
12 Ethan 11854 0.006146
13 Jacob 11770 0.006102
14 Michael 11620 0.006024
15 Daniel 11173 0.005793
16 Henry 10649 0.005521
17 Jackson 10323 0.005352
18 Sebastian 10054 0.005212
19 Aiden 9979 0.005173
20 Matthew 9924 0.005145
21 Samuel 9734 0.005046
22 David 9697 0.005027
23 Joseph 9555 0.004954
24 Carter 9312 0.004828
25 Owen 9288 0.004815
26 Wyatt 9127 0.004732
27 John 9119 0.004728
28 Jack 8834 0.00458
29 Luke 8577 0.004447
30 Jayden 8553 0.004434
31 Dylan 8549 0.004432
32 Grayson 8538 0.004426
33 Levi 8440 0.004376
34 Isaac 8417 0.004364
35 Gabriel 8335 0.004321
36 Julian 8307 0.004307
37 Mateo 8169 0.004235
38 Anthony 8003 0.004149
39 Jaxon 7701 0.003992
40 Lincoln 7368 0.00382
41 Joshua 7364 0.003818
42 Christopher 7261 0.003764
43 Andrew 7234 0.00375
44 Theodore 7020 0.003639
45 Caleb 6929 0.003592
46 Ryan 6905 0.00358
47 Asher 6802 0.003526
48 Nathan 6790 0.00352
49 Thomas 6779 0.003514
50 Leo 6719 0.003483
51 Isaiah 6614 0.003429
52 Charles 6604 0.003424
53 Josiah 6603 0.003423
54 Hudson 6540 0.003391
55 Christian 6509 0.003375
56 Hunter 6066 0.003145
57 Connor 6058 0.003141
58 Eli 6027 0.003125
59 Ezra 6000 0.003111
60 Aaron 5953 0.003086
61 Landon 5827 0.003021
62 Adrian 5788 0.003001
63 Jonathan 5712 0.002961
64 Nolan 5607 0.002907
65 Jeremiah 5561 0.002883
66 Easton 5429 0.002815
67 Elias 5310 0.002753
68 Colton 5284 0.002739
69 Cameron 5271 0.002733
70 Carson 5227 0.00271
71 Robert 5140 0.002665
72 Angel 5032 0.002609
73 Maverick 5014 0.002599
74 Nicholas 4801 0.002489
75 Dominic 4753 0.002464
76 Jaxson 4734 0.002454
77 Greyson 4728 0.002451
78 Adam 4675 0.002424
79 Ian 4675 0.002424
80 Austin 4651 0.002411
81 Santiago 4647 0.002409
82 Jordan 4646 0.002409
83 Cooper 4441 0.002302
84 Brayden 4383 0.002272
85 Roman 4364 0.002262
86 Evan 4356 0.002258
87 Ezekiel 4319 0.002239
88 Xavier 4298 0.002228
89 Jose 4292 0.002225
90 Jace 4276 0.002217
91 Jameson 4221 0.002188
92 Leonardo 4205 0.00218
93 Bryson 4194 0.002174
94 Axel 4055 0.002102
95 Everett 4001 0.002074
96 Parker 3978 0.002062
97 Kayden 3972 0.002059
98 Miles 3964 0.002055
99 Sawyer 3858 0.002
100 Jason 3847 0.001994
